β,accuracy,std
0.0,-955.3779911575693,566.2145832320916
1.0076210988534706e-09,-968.4194829990297,539.1916548002448
3.224387516331106e-08,-937.2284528272736,503.6422092411535
2.448519270213934e-07,-950.4006327877051,521.9014173607525
1.031804005225954e-06,-957.6749343097075,527.0913897440737
3.148815933917096e-06,-922.9052792434863,470.4889387585968
7.835261664684588e-06,-954.1539433279759,509.1540870889838
1.6935087808430282e-05,-921.5016188523622,468.61874675527184
3.3017728167230525e-05,-941.624889976515,489.0242715438186
5.949901826619859e-05,-953.3512574872403,531.2945530599618
0.00010076210988534707,-934.8803396022643,495.72231934693446
0.0001622783855914503,-909.8886225463294,444.87206918242316
0.0002507283732699068,-899.4972365477557,446.80698527162065
0.0003741226606566017,-864.1122127157109,420.72141133427414
0.000541922809869769,-829.4783030559315,368.1279784652061
0.0007651622719418543,-803.8021892496638,364.597064450013
0.0010565673013513768,-769.5551837542266,310.4884155912527
0.0014306778705547923,-734.3836959463137,278.9356008013326
0.001903968584518355,-674.7976451037405,221.57415097648982
0.00249496959524998,-663.430793593119,203.69801812247948
0.0032243875163311063,-625.1216464921697,179.13174152527446
0.004115226337448558,-613.2159362306494,161.14647207190163
0.00519290833892641,-592.1706779973413,142.4261766374956
0.006485395006257844,-557.4281381730506,102.92690435142535
0.008023307944637018,-543.8363490570285,94.2716411446852
0.009840049793490924,-527.2416029419,75.66781998763864
0.011971925141011254,-517.7377210593886,74.81766619539735
0.014458261438686257,-501.85014346363675,58.92871289969656
0.01734152991583261,-493.92607934045714,50.275584252979975
0.020667466494127266,-485.0808411680984,43.86182613897183
0.02448519270213934,-479.7291605650267,40.205637483489454
0.02884733658986194,-472.7782559981091,32.76269417130102
0.03381015364324406,-465.93208749443505,29.517327854731658
0.0394336476987224,-463.18688080894646,27.807907786612837
0.045781691857753354,-458.42419176931224,24.56159843312685
0.05292214940134466,-453.4100068383618,20.233655004620452
0.06092699470458736,-450.5376065738178,17.87414851472998
0.06987243415118778,-447.70398472976746,15.910530967655419
0.07983902704799936,-445.626559805529,13.635746419716497
0.09091180653955425,-443.20007562374695,12.631166575004128
0.1031804005225954,-442.17672820569993,11.525618599640275
0.11673915256060852,-440.45895553633534,10.259989885874564
0.13168724279835387,-438.33355512741366,8.56916486235194
0.14812880887639787,-437.81486820701963,8.058012988103307
0.16617306684564512,-436.4978435475464,7.235824459663971
0.18593443208187052,-435.13816738681663,6.367338046898188
0.207532640200251,-434.484377504437,5.9484867700569115
0.231092867969897,-433.8328536471799,5.302872105925527
0.2567458542283846,-433.39628436209097,4.996419602611478
0.28462802079628763,-432.7042821681827,4.550275213376961
0.31488159339170957,-431.89741882367844,3.953960627378251
0.34765472254481466,-431.5341352062304,3.929393551176165
0.38310160451236014,-431.1222894021441,3.327951450092461
0.4213826021922288,-430.8522292795544,3.2486378592360383
0.46266436603796024,-430.3660533982415,2.8337481979929433
0.5071199549732823,-429.82384070971625,2.4966379023158947
0.5549289573066435,-429.7372359190788,2.4273665958443464
0.6062776116457449,-429.45307144976135,2.2063956307207477
0.6613589278120725,-429.3839740445637,2.082500254188795
0.7203728077554274,-428.964671409445,1.768353866433713
0.7835261664684589,-428.8568673675733,1.770318193749392
0.8510330529011965,-428.6193242698901,1.592763731289989
0.923114770875582,-428.3345880783803,1.4008172653863225
1.0,-428.252516093794,1.3510147775947752
